
Call:
lm(formula = arima_weekly_res ~ . - ARR_DELAY - Route - YEAR - 
    QUARTER - MONTH - DAY_OF_MONTH - DAY_OF_WEEK - DEP_TIME_BLK - 
    ARR_TIME_BLK, data = subset_residuals)

Residuals:
     Min       1Q   Median       3Q      Max 
-205.035  -10.612    3.979   18.008  126.899 

Coefficients: (7 not defined because of singularities)
                   Estimate Std. Error t value Pr(>|t|)    
(Intercept)      -1.360e+00  2.423e+01  -0.056 0.955223    
ORIGINABI        -7.430e+00  1.025e+01  -0.725 0.468731    
ORIGINABQ        -3.437e-01  6.630e+00  -0.052 0.958662    
ORIGINABR        -1.227e+01  1.633e+01  -0.751 0.452453    
ORIGINABY         1.311e+01  1.636e+01   0.802 0.422754    
ORIGINACK        -2.081e+01  1.454e+01  -1.431 0.152330    
ORIGINACT        -6.914e+00  1.515e+01  -0.456 0.648071    
ORIGINACV         1.598e-01  1.240e+01   0.013 0.989718    
ORIGINACY         3.265e+00  1.096e+01   0.298 0.765800    
ORIGINADK         2.638e+01  3.456e+01   0.763 0.445341    
ORIGINADQ        -1.479e+01  1.824e+01  -0.811 0.417362    
ORIGINAEX         5.151e+00  1.090e+01   0.472 0.636615    
ORIGINAGS         2.035e-01  9.292e+00   0.022 0.982525    
ORIGINALB        -1.412e+01  7.346e+00  -1.923 0.054516 .  
ORIGINALO         1.591e+01  2.051e+01   0.776 0.437844    
ORIGINAMA         6.952e+00  8.334e+00   0.834 0.404234    
ORIGINANC        -4.739e+00  6.724e+00  -0.705 0.480929    
ORIGINAPN         7.149e-01  1.488e+01   0.048 0.961689    
ORIGINART        -8.517e+00  3.442e+01  -0.247 0.804583    
ORIGINASE        -4.058e+00  7.834e+00  -0.518 0.604457    
ORIGINATL        -3.986e+00  6.081e+00  -0.655 0.512215    
ORIGINATW        -1.056e+01  8.395e+00  -1.257 0.208605    
ORIGINAUS        -5.351e+00  6.237e+00  -0.858 0.390889    
ORIGINAVL        -7.581e+00  7.292e+00  -1.040 0.298510    
ORIGINAVP        -1.839e+01  1.035e+01  -1.777 0.075564 .  
ORIGINAZA        -6.524e+00  1.005e+01  -0.649 0.516331    
ORIGINAZO        -3.417e+00  1.063e+01  -0.321 0.747933    
ORIGINBDL        -8.263e+00  6.516e+00  -1.268 0.204772    
ORIGINBET        -7.369e+00  1.543e+01  -0.478 0.632882    
ORIGINBFL        -1.998e+01  1.003e+01  -1.993 0.046309 *  
ORIGINBGM         3.669e+00  1.416e+01   0.259 0.795565    
ORIGINBGR        -6.309e+00  9.969e+00  -0.633 0.526851    
ORIGINBHM        -7.182e+00  6.717e+00  -1.069 0.285011    
ORIGINBIL        -8.868e+00  8.508e+00  -1.042 0.297295    
ORIGINBIS         1.528e+00  9.395e+00   0.163 0.870795    
ORIGINBJI         9.968e-01  1.635e+01   0.061 0.951374    
ORIGINBKG        -2.093e+01  2.062e+01  -1.015 0.310276    
ORIGINBLI        -6.205e+00  1.070e+01  -0.580 0.561928    
ORIGINBLV         1.073e+00  1.825e+01   0.059 0.953119    
ORIGINBMI         7.090e+00  9.811e+00   0.723 0.469868    
ORIGINBNA        -5.231e+00  6.182e+00  -0.846 0.397415    
ORIGINBOI        -6.054e+00  6.678e+00  -0.906 0.364685    
ORIGINBOS        -4.468e+00  6.122e+00  -0.730 0.465508    
ORIGINBPT        -7.384e+00  1.800e+01  -0.410 0.681682    
ORIGINBQK        -2.839e+01  1.419e+01  -2.000 0.045455 *  
ORIGINBRD        -1.948e+01  1.515e+01  -1.286 0.198277    
ORIGINBRO        -1.054e+01  9.209e+00  -1.144 0.252447    
ORIGINBRW        -2.033e+01  2.488e+01  -0.817 0.413762    
ORIGINBTM        -1.782e+01  1.805e+01  -0.987 0.323467    
ORIGINBTR        -4.689e+00  7.724e+00  -0.607 0.543776    
ORIGINBTV        -1.219e+01  7.174e+00  -1.698 0.089420 .  
ORIGINBUF        -4.990e+00  6.521e+00  -0.765 0.444170    
ORIGINBUR        -3.130e+00  6.648e+00  -0.471 0.637770    
ORIGINBWI        -3.474e+00  6.162e+00  -0.564 0.572924    
ORIGINBZN        -1.089e+01  7.996e+00  -1.362 0.173297    
ORIGINCAE        -5.159e+00  7.543e+00  -0.684 0.493989    
ORIGINCAK        -5.170e+00  8.017e+00  -0.645 0.519026    
ORIGINCDC        -6.532e+00  1.640e+01  -0.398 0.690385    
ORIGINCDV        -2.804e+01  1.463e+01  -1.916 0.055313 .  
ORIGINCGI        -9.069e+00  1.964e+01  -0.462 0.644230    
ORIGINCHA        -1.505e+00  7.173e+00  -0.210 0.833854    
ORIGINCHO        -7.012e+00  8.054e+00  -0.871 0.383962    
ORIGINCHS        -3.696e+00  6.706e+00  -0.551 0.581586    
ORIGINCID        -5.397e+00  7.690e+00  -0.702 0.482800    
ORIGINCIU         1.747e+00  1.343e+01   0.130 0.896505    
ORIGINCKB        -8.317e+00  1.799e+01  -0.462 0.643836    
ORIGINCLE        -8.422e+00  6.306e+00  -1.336 0.181699    
ORIGINCLL        -8.943e+00  1.043e+01  -0.857 0.391254    
ORIGINCLT        -4.535e+00  6.076e+00  -0.746 0.455383    
ORIGINCMH        -3.360e+00  6.294e+00  -0.534 0.593413    
ORIGINCMI         8.776e-01  9.747e+00   0.090 0.928254    
ORIGINCMX         3.791e+00  2.471e+01   0.153 0.878036    
ORIGINCNY         4.384e+00  1.639e+01   0.267 0.789136    
ORIGINCOD        -1.998e+01  1.511e+01  -1.322 0.186053    
ORIGINCOS         1.136e+00  7.291e+00   0.156 0.876173    
ORIGINCOU        -8.814e+00  1.042e+01  -0.846 0.397520    
ORIGINCPR         4.367e+00  1.800e+01   0.243 0.808359    
ORIGINCRP        -1.144e+01  7.964e+00  -1.437 0.150841    
ORIGINCRW        -7.108e+00  8.841e+00  -0.804 0.421400    
ORIGINCSG         9.403e+00  1.348e+01   0.697 0.485573    
ORIGINCVG        -5.722e+00  6.287e+00  -0.910 0.362817    
ORIGINCWA        -9.649e+00  9.448e+00  -1.021 0.307144    
ORIGINCYS         6.109e+00  2.473e+01   0.247 0.804854    
ORIGINDAB        -1.328e+01  8.465e+00  -1.569 0.116687    
ORIGINDAL        -4.280e+00  6.267e+00  -0.683 0.494645    
ORIGINDAY        -2.481e+00  7.059e+00  -0.352 0.725202    
ORIGINDBQ         1.444e+01  2.049e+01   0.705 0.480875    
ORIGINDCA        -6.188e+00  6.120e+00  -1.011 0.311913    
ORIGINDEN        -6.530e+00  6.104e+00  -1.070 0.284683    
ORIGINDFW        -2.368e+00  6.107e+00  -0.388 0.698192    
ORIGINDHN        -3.458e+00  1.232e+01  -0.281 0.778956    
ORIGINDLG         2.951e+01  3.453e+01   0.855 0.392757    
ORIGINDLH         4.735e+00  1.008e+01   0.469 0.638731    
ORIGINDRO        -3.251e+01  1.024e+01  -3.174 0.001504 ** 
ORIGINDRT        -9.342e+00  2.473e+01  -0.378 0.705582    
ORIGINDSM        -3.551e+00  6.865e+00  -0.517 0.604962    
ORIGINDTW        -5.420e+00  6.108e+00  -0.887 0.374864    
ORIGINDVL         1.463e+01  2.149e+01   0.681 0.496063    
ORIGINEAU         1.338e+01  1.418e+01   0.943 0.345585    
ORIGINECP        -1.725e+01  8.065e+00  -2.139 0.032470 *  
ORIGINEGE        -1.583e+01  1.237e+01  -1.280 0.200673    
ORIGINEKO        -1.427e+01  1.518e+01  -0.940 0.347352    
ORIGINELM         8.266e+00  2.485e+01   0.333 0.739388    
ORIGINELP        -3.426e+00  7.038e+00  -0.487 0.626409    
ORIGINERI        -2.133e+01  1.635e+01  -1.305 0.191850    
ORIGINESC        -2.366e+01  1.634e+01  -1.448 0.147679    
ORIGINEUG        -1.401e+01  8.474e+00  -1.654 0.098205 .  
ORIGINEVV        -2.712e+00  8.328e+00  -0.326 0.744672    
ORIGINEWN        -2.401e+00  1.229e+01  -0.195 0.845100    
ORIGINEWR        -3.141e+00  6.146e+00  -0.511 0.609359    
ORIGINEYW        -2.916e+00  8.524e+00  -0.342 0.732267    
ORIGINFAI        -2.803e+00  8.406e+00  -0.333 0.738816    
ORIGINFAR        -7.341e+00  8.275e+00  -0.887 0.375028    
ORIGINFAT        -1.113e+00  7.286e+00  -0.153 0.878588    
ORIGINFAY        -3.229e+00  9.086e+00  -0.355 0.722344    
ORIGINFCA        -2.303e+01  9.865e+00  -2.335 0.019551 *  
ORIGINFLG        -1.094e+01  1.345e+01  -0.814 0.415798    
ORIGINFLL        -3.470e+00  6.202e+00  -0.560 0.575794    
ORIGINFNT        -1.006e+01  9.494e+00  -1.060 0.289146    
ORIGINFSD        -7.608e+00  7.756e+00  -0.981 0.326629    
ORIGINFSM         4.027e+00  1.339e+01   0.301 0.763659    
ORIGINFWA        -6.127e+00  8.213e+00  -0.746 0.455633    
ORIGINGCC        -1.685e+01  1.421e+01  -1.186 0.235623    
ORIGINGCK        -1.915e+01  2.049e+01  -0.934 0.350163    
ORIGINGEG        -8.911e+00  7.024e+00  -1.269 0.204619    
ORIGINGFK        -2.195e+00  9.487e+00  -0.231 0.817019    
ORIGINGGG         2.791e+00  1.636e+01   0.171 0.864496    
ORIGINGJT        -3.453e+00  8.836e+00  -0.391 0.695987    
ORIGINGNV        -2.567e+01  8.763e+00  -2.929 0.003404 ** 
ORIGINGPT        -2.595e+00  9.665e+00  -0.268 0.788320    
ORIGINGRB        -1.594e+01  8.042e+00  -1.982 0.047512 *  
ORIGINGRI        -1.841e+01  1.231e+01  -1.495 0.134919    
ORIGINGRK        -9.960e+00  1.069e+01  -0.932 0.351261    
ORIGINGRR        -7.509e+00  6.761e+00  -1.111 0.266731    
ORIGINGSO        -3.134e+00  7.091e+00  -0.442 0.658496    
ORIGINGSP         9.509e-01  6.957e+00   0.137 0.891282    
ORIGINGST        -1.486e+01  3.519e+01  -0.422 0.672717    
ORIGINGTF        -2.555e+01  1.190e+01  -2.148 0.031721 *  
ORIGINGTR         6.502e+00  1.799e+01   0.362 0.717707    
ORIGINGUC        -1.151e+01  3.441e+01  -0.334 0.738050    
ORIGINHDN         1.930e+00  1.802e+01   0.107 0.914673    
ORIGINHGR         1.151e+01  2.506e+01   0.459 0.646110    
ORIGINHHH         9.678e+00  1.805e+01   0.536 0.591756    
ORIGINHIB        -8.172e+00  1.637e+01  -0.499 0.617545    
ORIGINHLN        -1.861e+01  1.090e+01  -1.708 0.087672 .  
ORIGINHNL        -3.146e+00  6.700e+00  -0.470 0.638685    
ORIGINHOB        -1.255e+01  1.637e+01  -0.767 0.443185    
ORIGINHOU        -4.285e+00  6.299e+00  -0.680 0.496391    
ORIGINHPN        -5.285e+00  7.160e+00  -0.738 0.460483    
ORIGINHRL        -7.936e-01  9.083e+00  -0.087 0.930381    
ORIGINHSV        -3.387e+00  7.370e+00  -0.460 0.645862    
ORIGINHTS         4.932e+00  1.283e+01   0.384 0.700787    
ORIGINHVN        -1.252e+01  1.633e+01  -0.767 0.443208    
ORIGINHYS        -2.642e+00  1.549e+01  -0.171 0.864596    
ORIGINIAD        -2.073e+00  6.240e+00  -0.332 0.739793    
ORIGINIAG        -1.306e+01  1.425e+01  -0.916 0.359595    
ORIGINIAH        -4.109e+00  6.126e+00  -0.671 0.502452    
ORIGINICT        -6.258e+00  7.579e+00  -0.826 0.408989    
ORIGINIDA         7.922e+00  1.093e+01   0.725 0.468724    
ORIGINILM         5.466e+00  8.372e+00   0.653 0.513856    
ORIGINIMT        -3.254e+01  2.049e+01  -1.588 0.112284    
ORIGININD        -6.985e+00  6.268e+00  -1.115 0.265067    
ORIGININL        -9.150e+00  3.453e+01  -0.265 0.791018    
ORIGINISN        -1.671e+01  1.284e+01  -1.301 0.193137    
ORIGINISP        -1.820e+01  9.882e+00  -1.841 0.065581 .  
ORIGINITH        -2.095e+00  1.341e+01  -0.156 0.875908    
ORIGINITO        -1.597e+00  8.173e+00  -0.195 0.845126    
ORIGINJAC        -2.213e+01  9.566e+00  -2.314 0.020683 *  
ORIGINJAN        -6.601e+00  7.704e+00  -0.857 0.391496    
ORIGINJAX        -7.638e+00  6.423e+00  -1.189 0.234420    
ORIGINJFK        -4.750e+00  6.175e+00  -0.769 0.441739    
ORIGINJLN        -6.548e+00  1.632e+01  -0.401 0.688292    
ORIGINJMS         9.649e+00  2.051e+01   0.470 0.638011    
ORIGINJNU        -2.289e+01  9.022e+00  -2.537 0.011181 *  
ORIGINKOA         7.624e-01  7.122e+00   0.107 0.914754    
ORIGINKTN        -1.392e+01  1.055e+01  -1.319 0.187098    
ORIGINLAN        -7.093e+00  1.063e+01  -0.667 0.504616    
ORIGINLAR        -1.682e+01  1.637e+01  -1.028 0.304134    
ORIGINLAS        -5.568e+00  6.124e+00  -0.909 0.363219    
ORIGINLAW        -8.080e+00  1.423e+01  -0.568 0.570167    
ORIGINLAX        -5.684e+00  6.103e+00  -0.931 0.351674    
ORIGINLBB        -5.726e+00  7.885e+00  -0.726 0.467721    
ORIGINLBE         5.678e-01  2.084e+01   0.027 0.978262    
ORIGINLBF        -7.661e+01  2.474e+01  -3.097 0.001956 ** 
ORIGINLBL         2.354e+01  2.366e+01   0.995 0.319912    
ORIGINLCH        -1.103e+01  1.043e+01  -1.057 0.290365    
ORIGINLCK        -2.616e+00  1.826e+01  -0.143 0.886105    
ORIGINLEX        -3.822e+00  7.292e+00  -0.524 0.600134    
ORIGINLFT         7.019e+00  9.010e+00   0.779 0.435973    
ORIGINLGA        -4.000e+00  6.111e+00  -0.654 0.512840    
ORIGINLGB        -9.389e+00  7.073e+00  -1.327 0.184372    
ORIGINLIH        -2.817e+00  6.979e+00  -0.404 0.686506    
ORIGINLIT        -8.536e+00  7.117e+00  -1.199 0.230358    
ORIGINLNK        -2.145e+01  1.507e+01  -1.423 0.154702    
ORIGINLRD        -1.542e+01  1.074e+01  -1.436 0.150967    
ORIGINLSE        -3.798e+01  1.088e+01  -3.492 0.000480 ***
ORIGINLWB         4.826e+01  2.576e+01   1.873 0.061018 .  
ORIGINLWS        -9.863e+00  1.290e+01  -0.765 0.444487    
ORIGINLYH        -2.168e+01  1.415e+01  -1.532 0.125558    
ORIGINMAF        -3.428e+00  7.309e+00  -0.469 0.639075    
ORIGINMBS        -9.630e+00  1.282e+01  -0.751 0.452522    
ORIGINMCI        -6.161e+00  6.284e+00  -0.980 0.326873    
ORIGINMCO        -5.685e+00  6.122e+00  -0.929 0.353131    
ORIGINMDT        -1.643e+01  9.015e+00  -1.822 0.068462 .  
ORIGINMDW        -3.634e+00  6.230e+00  -0.583 0.559704    
ORIGINMEI        -9.857e+00  2.047e+01  -0.482 0.630126    
ORIGINMEM        -5.137e+00  6.629e+00  -0.775 0.438452    
ORIGINMFE        -2.890e+00  8.795e+00  -0.329 0.742421    
ORIGINMFR        -6.689e+00  8.116e+00  -0.824 0.409793    
ORIGINMGM        -3.811e+00  9.065e+00  -0.420 0.674132    
ORIGINMHK        -1.173e+01  1.189e+01  -0.987 0.323852    
ORIGINMHT        -9.521e-01  7.432e+00  -0.128 0.898069    
ORIGINMIA        -5.318e+00  6.201e+00  -0.858 0.391122    
ORIGINMKE        -1.498e+00  6.434e+00  -0.233 0.815905    
ORIGINMKG         1.025e+01  2.469e+01   0.415 0.678232    
ORIGINMLB        -7.576e+00  1.066e+01  -0.711 0.477076    
ORIGINMLI         3.498e+00  8.847e+00   0.395 0.692559    
ORIGINMLU        -1.790e+01  1.065e+01  -1.680 0.092899 .  
ORIGINMMH         1.201e+01  2.471e+01   0.486 0.626996    
ORIGINMOB        -9.528e+00  8.287e+00  -1.150 0.250239    
ORIGINMOT        -7.392e+00  9.448e+00  -0.782 0.434020    
ORIGINMQT        -6.469e-01  1.508e+01  -0.043 0.965783    
ORIGINMRY        -5.424e+00  9.030e+00  -0.601 0.548077    
ORIGINMSN        -6.134e+00  6.994e+00  -0.877 0.380427    
ORIGINMSO        -7.009e+00  8.884e+00  -0.789 0.430167    
ORIGINMSP        -7.471e+00  6.126e+00  -1.220 0.222586    
ORIGINMSY        -8.743e+00  6.274e+00  -1.394 0.163459    
ORIGINMTJ        -5.456e+00  1.633e+01  -0.334 0.738282    
ORIGINMVY        -1.855e+01  2.471e+01  -0.751 0.452799    
ORIGINMYR        -6.611e+00  7.427e+00  -0.890 0.373387    
ORIGINOAJ        -2.561e+00  1.087e+01  -0.236 0.813766    
ORIGINOAK        -5.297e+00  6.368e+00  -0.832 0.405554    
ORIGINOGG        -3.050e+00  6.762e+00  -0.451 0.651918    
ORIGINOGS         7.251e+00  2.506e+01   0.289 0.772300    
ORIGINOKC        -1.402e+00  6.597e+00  -0.213 0.831680    
ORIGINOMA        -8.785e+00  6.610e+00  -1.329 0.183886    
ORIGINOME         1.607e+01  2.489e+01   0.646 0.518563    
ORIGINONT        -3.987e+00  6.771e+00  -0.589 0.556014    
ORIGINORD        -4.751e+00  6.082e+00  -0.781 0.434700    
ORIGINORF        -3.499e+00  6.617e+00  -0.529 0.596995    
ORIGINORH        -1.490e+01  1.512e+01  -0.985 0.324688    
ORIGINOTH         1.999e+01  2.051e+01   0.974 0.329856    
ORIGINOTZ        -1.799e+01  1.731e+01  -1.040 0.298457    
ORIGINPAE        -1.029e+01  2.476e+01  -0.415 0.677861    
ORIGINPAH         2.324e+01  1.927e+01   1.206 0.227680    
ORIGINPBG        -8.368e+00  1.511e+01  -0.554 0.579642    
ORIGINPBI        -4.273e+00  6.598e+00  -0.648 0.517234    
ORIGINPDX        -6.593e+00  6.255e+00  -1.054 0.291833    
ORIGINPGD        -9.122e+00  8.826e+00  -1.034 0.301336    
ORIGINPGV         2.259e+01  1.234e+01   1.831 0.067070 .  
ORIGINPHF        -2.329e+00  1.285e+01  -0.181 0.856131    
ORIGINPHL        -5.125e+00  6.128e+00  -0.836 0.402973    
ORIGINPHX        -5.201e+00  6.133e+00  -0.848 0.396426    
ORIGINPIA         4.757e+00  8.526e+00   0.558 0.576872    
ORIGINPIB        -5.821e+01  3.771e+01  -1.544 0.122691    
ORIGINPIE        -7.644e+00  8.814e+00  -0.867 0.385796    
ORIGINPIH        -2.640e+00  1.159e+01  -0.228 0.819743    
ORIGINPIR        -1.074e+01  2.558e+01  -0.420 0.674459    
ORIGINPIT        -8.860e+00  6.281e+00  -1.410 0.158407    
ORIGINPLN        -1.859e+01  3.440e+01  -0.540 0.588992    
ORIGINPNS        -7.899e+00  7.459e+00  -1.059 0.289584    
ORIGINPRC        -2.190e+01  3.442e+01  -0.636 0.524675    
ORIGINPSC         7.146e+00  1.123e+01   0.636 0.524622    
ORIGINPSG         5.945e+00  4.289e+01   0.139 0.889759    
ORIGINPSM         9.446e+00  2.495e+01   0.379 0.704968    
ORIGINPSP        -7.680e+00  7.299e+00  -1.052 0.292706    
ORIGINPUB        -1.422e+01  1.635e+01  -0.869 0.384636    
ORIGINPVD        -7.735e+00  6.780e+00  -1.141 0.253957    
ORIGINPVU        -1.780e+01  1.595e+01  -1.116 0.264538    
ORIGINPWM        -1.165e+01  6.887e+00  -1.692 0.090623 .  
ORIGINRAP         1.831e+00  8.875e+00   0.206 0.836557    
ORIGINRDD         1.723e+01  1.636e+01   1.053 0.292227    
ORIGINRDM         2.057e+00  9.104e+00   0.226 0.821276    
ORIGINRDU        -5.144e+00  6.227e+00  -0.826 0.408803    
ORIGINRFD        -4.774e+00  1.672e+01  -0.286 0.775216    
ORIGINRHI        -1.592e+00  1.419e+01  -0.112 0.910695    
ORIGINRIC        -3.286e+00  6.524e+00  -0.504 0.614507    
ORIGINRKS        -5.525e+01  2.479e+01  -2.229 0.025842 *  
ORIGINRNO        -1.588e+01  6.700e+00  -2.371 0.017763 *  
ORIGINROA         3.787e+00  1.184e+01   0.320 0.749028    
ORIGINROC        -2.998e+00  7.161e+00  -0.419 0.675505    
ORIGINROW         4.549e+00  1.417e+01   0.321 0.748128    
ORIGINRST         2.023e+00  9.071e+00   0.223 0.823480    
ORIGINRSW        -5.001e+00  6.520e+00  -0.767 0.443110    
ORIGINSAF        -1.487e+00  1.418e+01  -0.105 0.916485    
ORIGINSAN        -4.095e+00  6.208e+00  -0.660 0.509512    
ORIGINSAT        -5.308e+00  6.365e+00  -0.834 0.404341    
ORIGINSAV        -4.849e+00  6.916e+00  -0.701 0.483232    
ORIGINSBA        -5.581e+00  7.823e+00  -0.713 0.475629    
ORIGINSBN         1.864e+00  7.952e+00   0.234 0.814630    
ORIGINSBP        -4.173e+00  9.053e+00  -0.461 0.644879    
ORIGINSCC        -3.880e+01  2.072e+01  -1.872 0.061202 .  
ORIGINSCE         7.556e+00  1.021e+01   0.740 0.459083    
ORIGINSCK         5.882e+00  1.305e+01   0.451 0.652267    
ORIGINSDF        -7.322e+00  6.542e+00  -1.119 0.263036    
ORIGINSEA        -7.128e+00  6.175e+00  -1.154 0.248367    
ORIGINSFB        -7.320e+00  8.108e+00  -0.903 0.366591    
ORIGINSFO        -2.332e+00  6.125e+00  -0.381 0.703420    
ORIGINSGF         5.365e+00  7.822e+00   0.686 0.492724    
ORIGINSGU        -2.751e+00  9.250e+00  -0.297 0.766186    
ORIGINSHD         1.882e+01  1.869e+01   1.007 0.314175    
ORIGINSHV        -7.659e+00  8.682e+00  -0.882 0.377700    
ORIGINSIT        -7.777e+00  1.286e+01  -0.605 0.545324    
ORIGINSJC        -2.628e+00  6.392e+00  -0.411 0.680935    
ORIGINSJT        -1.871e+01  1.124e+01  -1.665 0.095824 .  
ORIGINSLC        -4.438e+00  6.164e+00  -0.720 0.471590    
ORIGINSLN        -3.805e+00  2.048e+01  -0.186 0.852579    
ORIGINSMF        -5.185e+00  6.360e+00  -0.815 0.414882    
ORIGINSNA        -3.992e+00  6.487e+00  -0.615 0.538273    
ORIGINSPI        -6.976e+00  1.066e+01  -0.654 0.512827    
ORIGINSPS         3.899e+00  1.237e+01   0.315 0.752568    
ORIGINSRQ        -3.841e+00  7.897e+00  -0.486 0.626696    
ORIGINSTC         2.339e+01  3.477e+01   0.673 0.501200    
ORIGINSTL        -4.238e+00  6.220e+00  -0.681 0.495637    
ORIGINSTS         2.647e+00  2.051e+01   0.129 0.897329    
ORIGINSUN        -9.487e-01  2.475e+01  -0.038 0.969426    
ORIGINSUX        -2.829e+00  1.418e+01  -0.199 0.841908    
ORIGINSWF         2.039e+00  1.282e+01   0.159 0.873633    
ORIGINSWO        -2.226e+01  1.804e+01  -1.234 0.217193    
ORIGINSYR        -8.155e+00  6.877e+00  -1.186 0.235689    
ORIGINTLH        -2.851e-01  8.148e+00  -0.035 0.972081    
ORIGINTOL        -1.183e+01  1.084e+01  -1.091 0.275387    
ORIGINTPA        -5.107e+00  6.201e+00  -0.824 0.410175    
ORIGINTRI        -8.888e+00  1.086e+01  -0.819 0.413044    
ORIGINTTN         3.566e+00  1.235e+01   0.289 0.772718    
ORIGINTUL        -6.421e+00  6.723e+00  -0.955 0.339584    
ORIGINTUS        -6.373e+00  6.732e+00  -0.947 0.343792    
ORIGINTVC        -1.282e+01  9.182e+00  -1.397 0.162565    
ORIGINTWF        -6.602e+00  1.101e+01  -0.600 0.548620    
ORIGINTXK        -8.423e+00  1.289e+01  -0.654 0.513357    
ORIGINTYR        -1.039e+01  1.128e+01  -0.922 0.356751    
ORIGINTYS        -1.097e+01  6.705e+00  -1.636 0.101913    
ORIGINUIN        -6.887e+00  1.362e+01  -0.505 0.613233    
ORIGINUSA        -3.136e+00  1.551e+01  -0.202 0.839710    
ORIGINVEL        -3.244e+00  3.444e+01  -0.094 0.924955    
ORIGINVLD        -7.806e+00  1.511e+01  -0.517 0.605473    
ORIGINVPS        -5.905e+00  7.579e+00  -0.779 0.435923    
ORIGINWRG         2.500e-01  2.709e+01   0.009 0.992638    
ORIGINWYS        -4.646e+01  3.443e+01  -1.350 0.177180    
ORIGINXNA        -5.577e+00  6.968e+00  -0.800 0.423528    
ORIGINYAK         1.056e+00  1.784e+01   0.059 0.952784    
ORIGINYUM        -1.346e+01  1.240e+01  -1.085 0.277734    
Num_Flights              NA         NA      NA       NA    
Latitude                 NA         NA      NA       NA    
Longitude                NA         NA      NA       NA    
DESTABI          -5.980e+00  1.288e+01  -0.464 0.642341    
DESTABQ          -2.967e+00  6.721e+00  -0.441 0.658926    
DESTABR          -3.041e+00  1.196e+01  -0.254 0.799260    
DESTABY          -1.593e+01  1.638e+01  -0.972 0.331067    
DESTACK          -7.496e+00  1.562e+01  -0.480 0.631292    
DESTACT           3.541e+00  1.198e+01   0.295 0.767630    
DESTACV          -5.615e+00  9.994e+00  -0.562 0.574223    
DESTACY          -1.254e+01  9.510e+00  -1.318 0.187398    
DESTADQ          -1.996e+01  2.488e+01  -0.802 0.422397    
DESTAEX          -1.167e+01  9.288e+00  -1.257 0.208871    
DESTAGS          -6.484e+00  7.845e+00  -0.826 0.408525    
DESTALB          -9.635e+00  7.042e+00  -1.368 0.171269    
DESTALO          -6.029e+00  1.516e+01  -0.398 0.690947    
DESTAMA          -9.910e+00  8.726e+00  -1.136 0.256101    
DESTANC          -4.789e+00  6.867e+00  -0.697 0.485576    
DESTAPN          -3.340e+01  2.052e+01  -1.628 0.103529    
DESTART          -2.876e+01  3.444e+01  -0.835 0.403772    
DESTASE           5.601e-01  8.266e+00   0.068 0.945982    
DESTATL          -4.664e+00  6.197e+00  -0.753 0.451730    
DESTATW          -9.767e+00  8.140e+00  -1.200 0.230205    
DESTATY                  NA         NA      NA       NA    
DESTAUS          -5.594e+00  6.335e+00  -0.883 0.377260    
DESTAVL          -7.413e+00  7.431e+00  -0.998 0.318477    
DESTAVP           1.377e+00  8.819e+00   0.156 0.875963    
DESTAZA          -2.230e+00  8.678e+00  -0.257 0.797205    
DESTAZO          -2.777e+00  1.007e+01  -0.276 0.782771    
DESTBDL          -7.611e+00  6.524e+00  -1.167 0.243372    
DESTBET           2.083e+01  1.823e+01   1.143 0.253240    
DESTBFF           1.358e+01  1.803e+01   0.753 0.451530    
DESTBFL          -4.026e+00  1.071e+01  -0.376 0.707015    
DESTBFM          -4.418e+01  3.447e+01  -1.282 0.199989    
DESTBGM           2.596e+00  1.348e+01   0.193 0.847285    
DESTBGR          -2.586e+00  8.934e+00  -0.289 0.772273    
DESTBHM          -7.114e+00  6.712e+00  -1.060 0.289155    
DESTBIL           6.653e-01  9.267e+00   0.072 0.942772    
DESTBIS           8.454e+00  8.987e+00   0.941 0.346868    
DESTBJI          -1.108e+01  1.805e+01  -0.614 0.539331    
DESTBLI          -4.857e+00  1.077e+01  -0.451 0.652140    
DESTBLV           5.721e+00  1.816e+01   0.315 0.752757    
DESTBMI          -1.898e+01  9.120e+00  -2.081 0.037476 *  
DESTBNA          -2.394e+00  6.292e+00  -0.380 0.703613    
DESTBOI          -5.126e+00  6.909e+00  -0.742 0.458144    
DESTBOS          -5.229e+00  6.224e+00  -0.840 0.400839    
DESTBPT          -1.379e+01  1.516e+01  -0.909 0.363099    
DESTBQK           1.685e+00  1.802e+01   0.093 0.925511    
DESTBRD           3.242e+00  1.519e+01   0.213 0.831003    
DESTBRO          -1.455e+01  9.365e+00  -1.554 0.120242    
DESTBRW           3.536e+01  3.180e+01   1.112 0.266160    
DESTBTM          -2.220e+01  1.352e+01  -1.642 0.100592    
DESTBTR          -8.960e+00  7.785e+00  -1.151 0.249765    
DESTBTV          -7.063e+00  7.250e+00  -0.974 0.329982    
DESTBUF          -6.564e+00  6.540e+00  -1.004 0.315532    
DESTBUR          -4.598e+00  6.825e+00  -0.674 0.500527    
DESTBWI          -3.766e+00  6.286e+00  -0.599 0.549114    
DESTBZN          -1.240e+01  8.301e+00  -1.493 0.135409    
DESTCAE          -1.313e+01  7.387e+00  -1.778 0.075407 .  
DESTCAK          -2.432e+00  7.982e+00  -0.305 0.760615    
DESTCDC           1.181e+01  2.477e+01   0.477 0.633355    
DESTCDV          -1.771e+01  1.867e+01  -0.949 0.342805    
DESTCGI          -8.687e+00  1.520e+01  -0.572 0.567536    
DESTCHA          -1.311e+01  7.204e+00  -1.819 0.068880 .  
DESTCHO          -1.831e+00  8.221e+00  -0.223 0.823719    
DESTCHS          -9.343e+00  6.706e+00  -1.393 0.163533    
DESTCID          -1.687e+00  7.137e+00  -0.236 0.813205    
DESTCIU           2.516e+01  1.638e+01   1.536 0.124606    
DESTCKB          -3.167e+01  2.049e+01  -1.546 0.122119    
DESTCLE          -5.316e+00  6.355e+00  -0.837 0.402858    
DESTCLL          -1.357e+00  1.124e+01  -0.121 0.903901    
DESTCLT          -5.672e+00  6.194e+00  -0.916 0.359835    
DESTCMH          -5.556e+00  6.371e+00  -0.872 0.383118    
DESTCMI           4.798e+00  1.194e+01   0.402 0.687715    
DESTCMX          -2.945e+01  1.289e+01  -2.286 0.022284 *  
DESTCNY           1.519e+01  2.482e+01   0.612 0.540626    
DESTCOD          -7.909e+00  1.515e+01  -0.522 0.601719    
DESTCOS          -3.767e+00  7.339e+00  -0.513 0.607789    
DESTCOU          -2.900e+00  1.049e+01  -0.277 0.782144    
DESTCPR           1.907e+00  1.290e+01   0.148 0.882475    
DESTCRP          -4.212e+00  7.769e+00  -0.542 0.587736    
DESTCRW          -1.148e+01  8.468e+00  -1.356 0.175115    
DESTCSG          -3.370e+01  1.456e+01  -2.315 0.020597 *  
DESTCVG          -8.391e+00  6.323e+00  -1.327 0.184528    
DESTCWA          -1.713e+00  1.010e+01  -0.170 0.865300    
DESTCYS           1.882e+00  3.444e+01   0.055 0.956419    
DESTDAB          -1.252e+01  8.608e+00  -1.454 0.145919    
DESTDAL          -5.553e+00  6.368e+00  -0.872 0.383262    
DESTDAY          -7.763e-01  6.900e+00  -0.112 0.910428    
DESTDBQ           1.736e-01  1.804e+01   0.010 0.992323    
DESTDCA          -7.209e+00  6.232e+00  -1.157 0.247327    
DESTDEN          -5.750e+00  6.218e+00  -0.925 0.355111    
DESTDFW          -4.322e+00  6.224e+00  -0.694 0.487459    
DESTDHN          -1.906e+01  1.424e+01  -1.339 0.180642    
DESTDLH           1.595e+00  9.776e+00   0.163 0.870431    
DESTDRO           2.818e+00  1.048e+01   0.269 0.787996    
DESTDRT           2.915e+00  2.054e+01   0.142 0.887143    
DESTDSM          -9.404e+00  6.896e+00  -1.364 0.172695    
DESTDTW          -4.867e+00  6.218e+00  -0.783 0.433811    
DESTDVL          -2.137e+01  2.177e+01  -0.982 0.326304    
DESTEAU          -1.097e-01  1.515e+01  -0.007 0.994222    
DESTECP          -1.570e+01  8.142e+00  -1.929 0.053744 .  
DESTEGE          -3.190e+00  1.026e+01  -0.311 0.755916    
DESTEKO          -7.134e+00  1.428e+01  -0.500 0.617302    
DESTELM           9.081e+00  2.499e+01   0.363 0.716285    
DESTELP           5.019e-01  6.731e+00   0.075 0.940561    
DESTERI           7.392e+00  1.635e+01   0.452 0.651105    
DESTESC          -1.871e+01  2.052e+01  -0.912 0.361942    
DESTEUG           4.818e-01  8.021e+00   0.060 0.952101    
DESTEVV          -1.295e+01  8.998e+00  -1.440 0.149945    
DESTEWN          -1.128e+00  1.046e+01  -0.108 0.914056    
DESTEWR          -1.229e+00  6.254e+00  -0.196 0.844223    
DESTEYW          -1.363e+01  8.878e+00  -1.535 0.124716    
DESTFAI          -9.719e+00  7.761e+00  -1.252 0.210462    
DESTFAR           2.465e+00  8.272e+00   0.298 0.765692    
DESTFAT          -6.666e+00  7.198e+00  -0.926 0.354424    
DESTFAY          -2.801e+00  9.907e+00  -0.283 0.777411    
DESTFCA          -1.157e+00  1.095e+01  -0.106 0.915833    
DESTFLG          -3.542e+01  1.351e+01  -2.622 0.008734 ** 
DESTFLL          -3.076e+00  6.306e+00  -0.488 0.625623    
DESTFNT          -1.234e+01  8.752e+00  -1.410 0.158560    
DESTFSD          -1.456e+01  7.876e+00  -1.849 0.064461 .  
DESTFSM          -1.514e+01  1.121e+01  -1.351 0.176771    
DESTFWA          -6.021e+00  7.775e+00  -0.774 0.438734    
DESTGCC           6.662e+00  1.806e+01   0.369 0.712199    
DESTGCK          -2.674e+01  1.804e+01  -1.482 0.138217    
DESTGEG          -1.419e+01  6.985e+00  -2.031 0.042251 *  
DESTGFK           8.346e+00  1.159e+01   0.720 0.471639    
DESTGGG           1.087e-01  1.639e+01   0.007 0.994709    
DESTGJT          -2.114e+01  9.269e+00  -2.281 0.022575 *  
DESTGNV          -8.745e+00  8.609e+00  -1.016 0.309741    
DESTGPT          -3.557e+00  8.420e+00  -0.422 0.672699    
DESTGRB          -1.033e+01  9.116e+00  -1.133 0.257013    
DESTGRI          -1.016e+01  1.802e+01  -0.564 0.572696    
DESTGRK          -1.382e+01  9.551e+00  -1.447 0.148028    
DESTGRR          -4.474e+00  6.775e+00  -0.660 0.508989    
DESTGSO          -6.459e+00  7.015e+00  -0.921 0.357196    
DESTGSP          -8.431e+00  6.871e+00  -1.227 0.219793    
DESTGST          -3.987e+01  3.504e+01  -1.138 0.255231    
DESTGTF          -2.772e+01  1.125e+01  -2.464 0.013736 *  
DESTGTR           1.977e+01  2.050e+01   0.965 0.334773    
DESTHDN          -2.023e+01  1.349e+01  -1.499 0.133772    
DESTHGR          -1.950e+01  2.500e+01  -0.780 0.435283    
DESTHHH           1.616e+01  2.055e+01   0.786 0.431786    
DESTHIB           6.961e+00  1.806e+01   0.385 0.699902    
DESTHLN           7.652e-01  1.236e+01   0.062 0.950621    
DESTHNL          -8.344e+00  6.830e+00  -1.222 0.221840    
DESTHOB          -1.128e+01  2.477e+01  -0.455 0.648874    
DESTHOU          -8.435e-01  6.405e+00  -0.132 0.895226    
DESTHPN          -2.211e+00  7.440e+00  -0.297 0.766341    
DESTHRL          -6.861e+00  9.456e+00  -0.726 0.468143    
DESTHSV          -8.272e+00  7.415e+00  -1.116 0.264627    
DESTHTS          -1.219e+00  1.815e+01  -0.067 0.946460    
DESTHVN          -1.743e+01  1.522e+01  -1.145 0.252012    
DESTHYS           6.022e+00  1.832e+01   0.329 0.742328    
DESTIAD          -4.034e+00  6.336e+00  -0.637 0.524343    
DESTIAG          -4.286e+00  1.293e+01  -0.332 0.740244    
DESTIAH          -6.890e+00  6.233e+00  -1.105 0.268998    
DESTICT          -2.689e+00  7.163e+00  -0.375 0.707345    
DESTIDA          -9.498e+00  1.051e+01  -0.904 0.366013    
DESTILM          -5.664e+00  7.761e+00  -0.730 0.465498    
DESTIMT          -1.221e+01  1.516e+01  -0.806 0.420270    
DESTIND          -7.113e+00  6.371e+00  -1.116 0.264255    
DESTINL          -6.450e+00  1.637e+01  -0.394 0.693662    
DESTISN          -2.885e+01  1.350e+01  -2.138 0.032530 *  
DESTISP          -1.283e+01  8.413e+00  -1.524 0.127411    
DESTITH          -1.812e+01  1.236e+01  -1.465 0.142824    
DESTITO          -5.005e+00  8.250e+00  -0.607 0.544094    
DESTJAC          -1.494e+01  8.893e+00  -1.680 0.092941 .  
DESTJAN          -6.072e+00  7.661e+00  -0.793 0.428036    
DESTJAX          -1.031e+01  6.486e+00  -1.590 0.111893    
DESTJFK          -4.169e+00  6.269e+00  -0.665 0.506059    
DESTJLN          -6.392e+00  1.638e+01  -0.390 0.696324    
DESTJMS          -2.391e+01  1.674e+01  -1.428 0.153413    
DESTJNU          -8.389e+00  9.594e+00  -0.874 0.381914    
DESTKOA          -1.297e+01  7.435e+00  -1.744 0.081101 .  
DESTKTN          -4.827e-01  1.131e+01  -0.043 0.965949    
DESTLAN          -4.782e+00  9.123e+00  -0.524 0.600186    
DESTLAR           1.456e+01  1.352e+01   1.077 0.281664    
DESTLAS          -4.706e+00  6.246e+00  -0.753 0.451198    
DESTLAW          -2.175e+00  1.294e+01  -0.168 0.866555    
DESTLAX          -6.139e+00  6.234e+00  -0.985 0.324746    
DESTLBB          -1.388e+01  8.248e+00  -1.683 0.092425 .  
DESTLBE           1.156e+01  1.672e+01   0.691 0.489478    
DESTLBF          -4.646e+01  2.475e+01  -1.877 0.060515 .  
DESTLBL          -5.646e+00  2.368e+01  -0.238 0.811525    
DESTLCH          -8.247e+00  9.390e+00  -0.878 0.379801    
DESTLCK          -2.622e+00  1.542e+01  -0.170 0.864951    
DESTLEX          -1.889e+00  7.269e+00  -0.260 0.795001    
DESTLFT          -4.174e+00  8.691e+00  -0.480 0.631035    
DESTLGA          -4.488e+00  6.229e+00  -0.721 0.471200    
DESTLGB          -1.433e+00  7.046e+00  -0.203 0.838786    
DESTLIH          -7.646e+00  7.318e+00  -1.045 0.296119    
DESTLIT          -5.450e+00  7.131e+00  -0.764 0.444678    
DESTLNK           1.793e+01  1.122e+01   1.598 0.110004    
DESTLRD          -1.474e+01  1.014e+01  -1.454 0.145938    
DESTLSE           3.080e+00  1.045e+01   0.295 0.768121    
DESTLWB          -1.988e+01  2.366e+01  -0.840 0.400901    
DESTLWS          -1.330e+01  1.425e+01  -0.933 0.350597    
DESTLYH           3.970e+00  2.048e+01   0.194 0.846317    
DESTMAF          -6.200e+00  7.366e+00  -0.842 0.399977    
DESTMBS          -3.613e-01  1.095e+01  -0.033 0.973665    
DESTMCI          -6.665e+00  6.359e+00  -1.048 0.294617    
DESTMCO          -6.836e+00  6.235e+00  -1.096 0.272910    
DESTMDT          -5.615e+00  7.886e+00  -0.712 0.476448    
DESTMDW          -4.943e+00  6.363e+00  -0.777 0.437259    
DESTMEI           4.169e+01  3.443e+01   1.211 0.225930    
DESTMEM          -4.071e+00  6.551e+00  -0.621 0.534349    
DESTMFE          -2.330e+01  8.480e+00  -2.747 0.006008 ** 
DESTMFR          -4.092e+00  8.910e+00  -0.459 0.646039    
DESTMGM          -4.950e+00  7.963e+00  -0.622 0.534131    
DESTMHK          -1.062e+01  1.157e+01  -0.918 0.358473    
DESTMHT          -1.665e+00  7.431e+00  -0.224 0.822693    
DESTMIA          -6.187e+00  6.300e+00  -0.982 0.326031    
DESTMKE           2.935e-01  6.546e+00   0.045 0.964238    
DESTMKG           1.044e+01  1.420e+01   0.735 0.462474    
DESTMLB          -1.611e+01  9.963e+00  -1.617 0.105817    
DESTMLI          -9.478e+00  8.903e+00  -1.065 0.287086    
DESTMLU           2.252e+00  9.789e+00   0.230 0.818045    
DESTMOB          -1.246e+01  7.556e+00  -1.649 0.099157 .  
DESTMOT           4.531e+00  9.099e+00   0.498 0.618512    
DESTMQT           4.945e-02  1.344e+01   0.004 0.997065    
DESTMRY          -8.099e+00  8.914e+00  -0.909 0.363557    
DESTMSN          -6.759e+00  6.880e+00  -0.982 0.325901    
DESTMSO          -1.787e+00  9.486e+00  -0.188 0.850561    
DESTMSP          -5.491e+00  6.249e+00  -0.879 0.379584    
DESTMSY          -5.503e+00  6.371e+00  -0.864 0.387779    
DESTMTJ           3.560e+00  1.235e+01   0.288 0.773149    
DESTMVY           5.923e+00  1.804e+01   0.328 0.742709    
DESTMYR          -9.583e+00  7.390e+00  -1.297 0.194722    
DESTOAJ          -2.379e+00  1.068e+01  -0.223 0.823724    
DESTOAK          -5.321e+00  6.500e+00  -0.819 0.412995    
DESTOGG          -5.486e+00  6.990e+00  -0.785 0.432579    
DESTOGS           5.858e+00  3.480e+01   0.168 0.866340    
DESTOKC           1.037e+00  6.682e+00   0.155 0.876666    
DESTOMA          -4.246e+00  6.642e+00  -0.639 0.522652    
DESTOME          -6.234e+01  2.609e+01  -2.389 0.016878 *  
DESTONT          -5.267e+00  6.858e+00  -0.768 0.442461    
DESTORD          -5.850e+00  6.195e+00  -0.944 0.344981    
DESTORF          -1.305e+01  6.641e+00  -1.965 0.049370 *  
DESTORH           2.411e+00  1.422e+01   0.170 0.865374    
DESTOTH          -5.272e+00  1.518e+01  -0.347 0.728401    
DESTOTZ           1.031e+01  1.658e+01   0.622 0.533990    
DESTOWB           3.495e+00  2.498e+01   0.140 0.888746    
DESTPAE          -1.489e+01  2.055e+01  -0.725 0.468641    
DESTPAH          -4.869e+00  1.369e+01  -0.356 0.722172    
DESTPBG          -1.026e+00  1.641e+01  -0.063 0.950162    
DESTPBI          -7.503e+00  6.715e+00  -1.117 0.263840    
DESTPDX          -6.441e+00  6.367e+00  -1.012 0.311735    
DESTPGD          -3.072e+00  9.297e+00  -0.330 0.741107    
DESTPGV          -1.800e+01  1.517e+01  -1.186 0.235513    
DESTPHF          -1.627e+00  1.073e+01  -0.152 0.879406    
DESTPHL          -5.049e+00  6.227e+00  -0.811 0.417463    
DESTPHX          -5.092e+00  6.243e+00  -0.816 0.414757    
DESTPIA          -8.001e+00  7.975e+00  -1.003 0.315717    
DESTPIB           1.766e+01  3.164e+01   0.558 0.576636    
DESTPIE          -1.621e+01  8.580e+00  -1.890 0.058775 .  
DESTPIH          -1.565e+01  1.291e+01  -1.212 0.225442    
DESTPIR          -2.755e+00  2.053e+01  -0.134 0.893274    
DESTPIT          -3.938e+00  6.321e+00  -0.623 0.533269    
DESTPLN          -3.356e+00  1.492e+01  -0.225 0.822016    
DESTPNS          -4.820e+00  7.210e+00  -0.669 0.503793    
DESTPRC          -4.020e+00  1.808e+01  -0.222 0.824022    
DESTPSC          -2.689e+01  9.931e+00  -2.707 0.006786 ** 
DESTPSG           1.578e+01  2.698e+01   0.585 0.558650    
DESTPSM           1.275e+01  2.059e+01   0.619 0.535852    
DESTPSP          -4.473e+00  7.460e+00  -0.600 0.548792    
DESTPUB          -1.970e+01  1.638e+01  -1.203 0.229155    
DESTPVD          -7.026e-01  6.694e+00  -0.105 0.916400    
DESTPVU          -1.001e+01  3.520e+01  -0.284 0.776204    
DESTPWM           4.838e-01  7.013e+00   0.069 0.945005    
DESTRAP          -2.377e+00  9.040e+00  -0.263 0.792565    
DESTRDD          -1.392e+01  1.290e+01  -1.079 0.280725    
DESTRDM          -9.639e+00  8.442e+00  -1.142 0.253499    
DESTRDU          -4.138e+00  6.311e+00  -0.656 0.512042    
DESTRFD           1.090e+01  2.109e+01   0.517 0.605048    
DESTRHI          -3.244e+01  1.197e+01  -2.710 0.006731 ** 
DESTRIC          -1.403e+00  6.666e+00  -0.210 0.833305    
DESTRKS          -6.419e+00  1.424e+01  -0.451 0.652191    
DESTRNO          -7.476e+00  6.818e+00  -1.097 0.272855    
DESTROA           2.290e+00  9.851e+00   0.232 0.816194    
DESTROC          -2.667e+00  7.052e+00  -0.378 0.705299    
DESTROW          -2.515e+01  1.156e+01  -2.175 0.029602 *  
DESTRST          -4.022e+00  8.292e+00  -0.485 0.627670    
DESTRSW          -8.040e+00  6.664e+00  -1.206 0.227641    
DESTSAF          -1.134e+01  1.287e+01  -0.881 0.378107    
DESTSAN          -6.452e+00  6.302e+00  -1.024 0.305931    
DESTSAT          -5.948e+00  6.498e+00  -0.915 0.359973    
DESTSAV          -7.800e+00  6.875e+00  -1.135 0.256584    
DESTSBA          -3.216e+00  7.670e+00  -0.419 0.675019    
DESTSBN          -8.595e+00  7.452e+00  -1.153 0.248738    
DESTSBP          -5.321e+00  8.109e+00  -0.656 0.511723    
DESTSCC          -1.730e+01  1.374e+01  -1.259 0.207902    
DESTSCE          -9.006e+00  1.195e+01  -0.754 0.451030    
DESTSDF          -4.497e+00  6.597e+00  -0.682 0.495444    
DESTSEA          -7.893e+00  6.326e+00  -1.248 0.212141    
DESTSFB          -1.679e+01  8.271e+00  -2.030 0.042326 *  
DESTSFO          -4.800e+00  6.263e+00  -0.766 0.443391    
DESTSGF          -9.640e+00  7.626e+00  -1.264 0.206240    
DESTSGU          -1.358e+01  9.539e+00  -1.424 0.154473    
DESTSHD          -9.993e+00  1.572e+01  -0.636 0.524877    
DESTSHV          -2.278e+00  7.556e+00  -0.301 0.763059    
DESTSIT           9.772e-01  1.524e+01   0.064 0.948886    
DESTSJC          -9.699e+00  6.471e+00  -1.499 0.133891    
DESTSJT          -1.476e+01  1.129e+01  -1.307 0.191289    
DESTSLC          -4.729e+00  6.306e+00  -0.750 0.453290    
DESTSLN          -8.594e+00  1.663e+01  -0.517 0.605280    
DESTSMF          -4.984e+00  6.476e+00  -0.770 0.441523    
DESTSMX           1.206e+01  3.454e+01   0.349 0.726908    
DESTSNA          -5.885e+00  6.651e+00  -0.885 0.376248    
DESTSPI          -7.401e+00  1.007e+01  -0.735 0.462442    
DESTSPS          -1.518e+01  1.241e+01  -1.223 0.221455    
DESTSRQ          -5.376e+00  7.750e+00  -0.694 0.487948    
DESTSTL          -4.094e+00  6.309e+00  -0.649 0.516350    
DESTSTS           1.938e+01  1.159e+01   1.672 0.094437 .  
DESTSUN          -7.598e+00  1.289e+01  -0.589 0.555708    
DESTSUX          -8.454e+00  1.288e+01  -0.656 0.511682    
DESTSWF          -4.156e+00  1.287e+01  -0.323 0.746640    
DESTSWO           4.285e+00  1.640e+01   0.261 0.793845    
DESTSYR          -1.037e+01  6.951e+00  -1.492 0.135699    
DESTTLH          -9.016e+00  8.207e+00  -1.099 0.271933    
DESTTOL           1.285e+01  1.062e+01   1.210 0.226472    
DESTTPA          -2.816e+00  6.310e+00  -0.446 0.655448    
DESTTRI          -9.546e+00  9.308e+00  -1.026 0.305117    
DESTTTN           3.121e+00  1.115e+01   0.280 0.779559    
DESTTUL          -6.649e+00  6.883e+00  -0.966 0.334000    
DESTTUS          -5.420e-01  6.909e+00  -0.078 0.937472    
DESTTVC          -5.326e+00  9.747e+00  -0.546 0.584748    
DESTTWF          -2.843e+00  1.129e+01  -0.252 0.801281    
DESTTXK          -6.786e+00  1.293e+01  -0.525 0.599806    
DESTTYR          -5.004e+00  1.642e+01  -0.305 0.760602    
DESTTYS          -1.598e+00  6.820e+00  -0.234 0.814720    
DESTUIN           7.851e+00  1.519e+01   0.517 0.605389    
DESTUSA           2.132e+01  3.486e+01   0.612 0.540824    
DESTVEL           9.900e+00  2.054e+01   0.482 0.629822    
DESTVLD          -2.031e+00  1.348e+01  -0.151 0.880219    
DESTVPS          -5.567e+00  7.477e+00  -0.745 0.456558    
DESTWRG           9.860e+00  2.616e+01   0.377 0.706288    
DESTWYS          -3.624e+01  1.639e+01  -2.211 0.027020 *  
DESTXNA          -2.140e+00  7.084e+00  -0.302 0.762549    
DESTYAK           2.489e+01  1.972e+01   1.262 0.206957    
DESTYUM          -5.670e-01  1.063e+01  -0.053 0.957457    
CARRIERAA        -6.512e+00  1.707e+01  -0.381 0.702907    
CARRIERAS        -1.670e+00  2.531e+00  -0.660 0.509415    
CARRIERB6        -1.886e-01  3.042e+00  -0.062 0.950564    
CARRIERDL        -7.008e+00  1.368e+01  -0.512 0.608361    
CARRIEREV        -4.851e-01  1.494e+00  -0.325 0.745461    
CARRIERF9         5.378e-01  1.609e+00   0.334 0.738278    
CARRIERG4         2.203e+00  3.090e+00   0.713 0.475858    
CARRIERHA         1.218e+00  3.341e+00   0.365 0.715465    
CARRIERMQ        -1.077e+00  2.342e+00  -0.460 0.645612    
CARRIERNK        -3.663e-01  1.542e+00  -0.238 0.812247    
CARRIEROH        -1.007e-01  1.431e+00  -0.070 0.943916    
CARRIEROO        -1.045e+00  2.124e+00  -0.492 0.622788    
CARRIERUA        -4.365e+00  1.359e+01  -0.321 0.748089    
CARRIERWN        -3.920e+00  1.058e+01  -0.370 0.711074    
CARRIERYV        -7.654e-01  1.458e+00  -0.525 0.599680    
CARRIERYX        -2.760e-01  1.274e+00  -0.217 0.828481    
CRS_DEP_TIME     -6.087e-04  3.328e-04  -1.829 0.067446 .  
CRS_ARR_TIME      2.407e-04  3.099e-04   0.777 0.437400    
CRS_ELAPSED_TIME -1.286e-01  2.370e-02  -5.427 5.77e-08 ***
AIR_TIME          1.411e-01  1.440e-02   9.796  < 2e-16 ***
DISTANCE         -1.138e-03  2.941e-03  -0.387 0.698749    
PASSENGERS        1.519e-06  1.500e-05   0.101 0.919372    
EMPFULL           9.610e-01  6.622e-01   1.451 0.146725    
EMPPART           4.806e-01  3.312e-01   1.451 0.146722    
EMPTOTAL                 NA         NA      NA       NA    
EMPFTE           -9.609e-01  6.622e-01  -1.451 0.146758    
NET_INCOME        3.343e-06  1.917e-06   1.744 0.081158 .  
OP_REVENUES      -2.649e-07  1.527e-07  -1.734 0.082894 .  
prcp              7.256e-03  1.962e-03   3.698 0.000217 ***
snow              8.412e-02  1.974e-02   4.261 2.04e-05 ***
tavg              6.185e-03  5.426e-03   1.140 0.254389    
tmax              1.187e-03  4.987e-03   0.238 0.811939    
tmin             -1.163e-02  5.936e-03  -1.960 0.050059 .  
wt01              3.174e-01  3.983e-01   0.797 0.425543    
wt02              1.127e+00  8.171e-01   1.380 0.167616    
wt03              2.075e+00  5.401e-01   3.842 0.000122 ***
wt04              2.049e+00  2.052e+00   0.998 0.318044    
wt06              2.098e-01  1.905e+00   0.110 0.912327    
wt08              7.435e-02  4.753e-01   0.156 0.875684    
wt09              6.564e+00  3.293e+00   1.994 0.046198 *  
wt05              1.037e+00  3.142e+00   0.330 0.741396    
wt07             -2.179e+00  3.559e+00  -0.612 0.540351    
wt10              8.588e+00  1.524e+01   0.564 0.572967    
wt11                     NA         NA      NA       NA    
prcp.DEST         5.084e-03  1.911e-03   2.660 0.007818 ** 
snow.DEST         1.290e-02  1.962e-02   0.658 0.510775    
tavg.DEST        -1.138e-02  5.487e-03  -2.074 0.038057 *  
tmax.DEST        -3.670e-04  4.972e-03  -0.074 0.941160    
tmin.DEST         1.340e-02  5.941e-03   2.255 0.024123 *  
wt01.DEST         1.138e+00  3.955e-01   2.877 0.004017 ** 
wt02.DEST         1.924e-01  8.055e-01   0.239 0.811210    
wt03.DEST         5.599e-01  5.339e-01   1.049 0.294268    
wt04.DEST         8.409e-01  1.956e+00   0.430 0.667215    
wt06.DEST         3.966e+00  1.915e+00   2.071 0.038373 *  
wt08.DEST        -2.570e-01  4.846e-01  -0.530 0.595887    
wt09.DEST         7.236e+00  2.909e+00   2.488 0.012858 *  
wt05.DEST        -1.076e+00  3.321e+00  -0.324 0.745924    
wt07.DEST        -4.901e+00  3.576e+00  -1.371 0.170516    
wt10.DEST         2.396e+01  1.718e+01   1.394 0.163216    
wt11.DEST         3.453e+00  2.155e+01   0.160 0.872726    
nsmiles          -8.436e-04  7.301e-04  -1.155 0.247906    
fare              1.636e-02  2.005e-02   0.816 0.414687    
carrier_lgAS      2.362e+00  1.480e+00   1.595 0.110635    
carrier_lgB6      6.448e-01  1.559e+00   0.414 0.679222    
carrier_lgDL      1.450e-01  9.162e-01   0.158 0.874221    
carrier_lgF9      3.780e-01  3.596e+00   0.105 0.916275    
carrier_lgG4      6.953e-01  3.868e+00   0.180 0.857357    
carrier_lgNK     -3.492e+00  5.848e+00  -0.597 0.550420    
carrier_lgSY      6.797e+00  8.042e+00   0.845 0.397981    
carrier_lgUA      3.536e-02  8.780e-01   0.040 0.967877    
carrier_lgWN      5.140e-01  8.945e-01   0.575 0.565570    
carrier_lgUnk     1.386e+01  2.256e+01   0.614 0.539001    
large_ms         -2.039e+00  1.725e+00  -1.182 0.237095    
fare_lg          -1.783e-03  1.632e-02  -0.109 0.913013    
carrier_lowAA     1.690e+01  2.247e+01   0.752 0.451981    
carrier_lowAS     1.589e+01  2.247e+01   0.707 0.479623    
carrier_lowB6     1.724e+01  2.244e+01   0.768 0.442408    
carrier_lowDL     1.607e+01  2.246e+01   0.715 0.474356    
carrier_lowF9     1.566e+01  2.250e+01   0.696 0.486289    
carrier_lowG4     1.671e+01  2.254e+01   0.741 0.458595    
carrier_lowNK     1.655e+01  2.250e+01   0.736 0.461887    
carrier_lowSY     1.751e+01  2.255e+01   0.776 0.437590    
carrier_lowUA     1.713e+01  2.247e+01   0.762 0.445905    
carrier_lowVX     1.395e+01  2.548e+01   0.548 0.584004    
carrier_lowWN     1.558e+01  2.246e+01   0.694 0.487927    
carrier_lowUnk           NA         NA      NA       NA    
lf_ms             4.538e-01  1.003e+00   0.452 0.651001    
fare_low         -1.292e-02  1.051e-02  -1.229 0.218920    
arima_hourly_res  7.146e-01  4.542e-03 157.332  < 2e-16 ***
---
Signif. codes:  0 ‘***’ 0.001 ‘**’ 0.01 ‘*’ 0.05 ‘.’ 0.1 ‘ ’ 1

Residual standard error: 33.85 on 49234 degrees of freedom
Multiple R-squared:  0.3787,	Adjusted R-squared:  0.369 
F-statistic: 39.23 on 765 and 49234 DF,  p-value: < 2.2e-16

