
Call:
lm(formula = arima_weekly_res ~ . - ARR_DELAY - Route - YEAR - 
    QUARTER - MONTH - DAY_OF_MONTH - DAY_OF_WEEK - DEP_TIME_BLK - 
    ARR_TIME_BLK, data = subset_residuals)

Residuals:
     Min       1Q   Median       3Q      Max 
-205.035  -10.612    3.979   18.008  126.899 

Coefficients: (7 not defined because of singularities)
                   Estimate Std. Error t value Pr(>|t|)    
(Intercept)      -1.360e+00  2.423e+01  -0.056 0.955223    
ORIGINABI        -7.430e+00  1.025e+01  -0.725 0.468731    
ORIGINABQ        -3.437e-01  6.630e+00  -0.052 0.958662    
ORIGINABR        -1.227e+01  1.633e+01  -0.751 0.452453    
ORIGINABY         1.311e+01  1.636e+01   0.802 0.422754    
ORIGINACK        -2.081e+01  1.454e+01  -1.431 0.152330    
ORIGINACT        -6.914e+00  1.515e+01  -0.456 0.648071    
ORIGINACV         1.598e-01  1.240e+01   0.013 0.989718    
ORIGINACY         3.265e+00  1.096e+01   0.298 0.765800    
ORIGINADK         2.638e+01  3.456e+01   0.763 0.445341    
ORIGINADQ        -1.479e+01  1.824e+01  -0.811 0.417362    
ORIGINAEX         5.151e+00  1.090e+01   0.472 0.636615    
ORIGINAGS         2.035e-01  9.292e+00   0.022 0.982525    
ORIGINALB        -1.412e+01  7.346e+00  -1.923 0.054516 .  
ORIGINALO         1.591e+01  2.051e+01   0.776 0.437844    
ORIGINAMA         6.952e+00  8.334e+00   0.834 0.404234    
ORIGINANC        -4.739e+00  6.724e+00  -0.705 0.480929    
ORIGINAPN         7.149e-01  1.488e+01   0.048 0.961689    
ORIGINART        -8.517e+00  3.442e+01  -0.247 0.804583    
ORIGINASE        -4.058e+00  7.834e+00  -0.518 0.604457    
ORIGINATL        -3.986e+00  6.081e+00  -0.655 0.512215    
ORIGINATW        -1.056e+01  8.395e+00  -1.257 0.208605    
ORIGINAUS        -5.351e+00  6.237e+00  -0.858 0.390889    
ORIGINAVL        -7.581e+00  7.292e+00  -1.040 0.298510    
ORIGINAVP        -1.839e+01  1.035e+01  -1.777 0.075564 .  
ORIGINAZA        -6.524e+00  1.005e+01  -0.649 0.516331    
ORIGINAZO        -3.417e+00  1.063e+01  -0.321 0.747933    
ORIGINBDL        -8.263e+00  6.516e+00  -1.268 0.204772    
ORIGINBET        -7.369e+00  1.543e+01  -0.478 0.632882    
ORIGINBFL        -1.998e+01  1.003e+01  -1.993 0.046309 *  
ORIGINBGM         3.669e+00  1.416e+01   0.259 0.795565    
ORIGINBGR        -6.309e+00  9.969e+00  -0.633 0.526851    
ORIGINBHM        -7.182e+00  6.717e+00  -1.069 0.285011    
ORIGINBIL        -8.868e+00  8.508e+00  -1.042 0.297295    
ORIGINBIS         1.528e+00  9.395e+00   0.163 0.870795    
ORIGINBJI         9.968e-01  1.635e+01   0.061 0.951374    
ORIGINBKG        -2.093e+01  2.062e+01  -1.015 0.310276    
ORIGINBLI        -6.205e+00  1.070e+01  -0.580 0.561928    
ORIGINBLV         1.073e+00  1.825e+01   0.059 0.953119    
ORIGINBMI         7.090e+00  9.811e+00   0.723 0.469868    
ORIGINBNA        -5.231e+00  6.182e+00  -0.846 0.397415    
ORIGINBOI        -6.054e+00  6.678e+00  -0.906 0.364685    
ORIGINBOS        -4.468e+00  6.122e+00  -0.730 0.465508    
ORIGINBPT        -7.384e+00  1.800e+01  -0.410 0.681682    
ORIGINBQK        -2.839e+01  1.419e+01  -2.000 0.045455 *  
ORIGINBRD        -1.948e+01  1.515e+01  -1.286 0.198277    
ORIGINBRO        -1.054e+01  9.209e+00  -1.144 0.252447    
ORIGINBRW        -2.033e+01  2.488e+01  -0.817 0.413762    
ORIGINBTM        -1.782e+01  1.805e+01  -0.987 0.323467    
ORIGINBTR        -4.689e+00  7.724e+00  -0.607 0.543776    
ORIGINBTV        -1.219e+01  7.174e+00  -1.698 0.089420 .  
ORIGINBUF        -4.990e+00  6.521e+00  -0.765 0.444170    
ORIGINBUR        -3.130e+00  6.648e+00  -0.471 0.637770    
ORIGINBWI        -3.474e+00  6.162e+00  -0.564 0.572924    
ORIGINBZN        -1.089e+01  7.996e+00  -1.362 0.173297    
ORIGINCAE        -5.159e+00  7.543e+00  -0.684 0.493989    
ORIGINCAK        -5.170e+00  8.017e+00  -0.645 0.519026    
ORIGINCDC        -6.532e+00  1.640e+01  -0.398 0.690385    
ORIGINCDV        -2.804e+01  1.463e+01  -1.916 0.055313 .  
ORIGINCGI        -9.069e+00  1.964e+01  -0.462 0.644230    
ORIGINCHA        -1.505e+00  7.173e+00  -0.210 0.833854    
ORIGINCHO        -7.012e+00  8.054e+00  -0.871 0.383962    
ORIGINCHS        -3.696e+00  6.706e+00  -0.551 0.581586    
ORIGINCID        -5.397e+00  7.690e+00  -0.702 0.482800    
ORIGINCIU         1.747e+00  1.343e+01   0.130 0.896505    
ORIGINCKB        -8.317e+00  1.799e+01  -0.462 0.643836    
ORIGINCLE        -8.422e+00  6.306e+00  -1.336 0.181699    
ORIGINCLL        -8.943e+00  1.043e+01  -0.857 0.391254    
ORIGINCLT        -4.535e+00  6.076e+00  -0.746 0.455383    
ORIGINCMH        -3.360e+00  6.294e+00  -0.534 0.593413    
ORIGINCMI         8.776e-01  9.747e+00   0.090 0.928254    
ORIGINCMX         3.791e+00  2.471e+01   0.153 0.878036    
ORIGINCNY         4.384e+00  1.639e+01   0.267 0.789136    
ORIGINCOD        -1.998e+01  1.511e+01  -1.322 0.186053    
ORIGINCOS         1.136e+00  7.291e+00   0.156 0.876173    
ORIGINCOU        -8.814e+00  1.042e+01  -0.846 0.397520    
ORIGINCPR         4.367e+00  1.800e+01   0.243 0.808359    
ORIGINCRP        -1.144e+01  7.964e+00  -1.437 0.150841    
ORIGINCRW        -7.108e+00  8.841e+00  -0.804 0.421400    
ORIGINCSG         9.403e+00  1.348e+01   0.697 0.485573    
ORIGINCVG        -5.722e+00  6.287e+00  -0.910 0.362817    
ORIGINCWA        -9.649e+00  9.448e+00  -1.021 0.307144    
ORIGINCYS         6.109e+00  2.473e+01   0.247 0.804854    
ORIGINDAB        -1.328e+01  8.465e+00  -1.569 0.116687    
ORIGINDAL        -4.280e+00  6.267e+00  -0.683 0.494645    
ORIGINDAY        -2.481e+00  7.059e+00  -0.352 0.725202    
ORIGINDBQ         1.444e+01  2.049e+01   0.705 0.480875    
ORIGINDCA        -6.188e+00  6.120e+00  -1.011 0.311913    
ORIGINDEN        -6.530e+00  6.104e+00  -1.070 0.284683    
ORIGINDFW        -2.368e+00  6.107e+00  -0.388 0.698192    
ORIGINDHN        -3.458e+00  1.232e+01  -0.281 0.778956    
ORIGINDLG         2.951e+01  3.453e+01   0.855 0.392757    
ORIGINDLH         4.735e+00  1.008e+01   0.469 0.638731    
ORIGINDRO        -3.251e+01  1.024e+01  -3.174 0.001504 ** 
ORIGINDRT        -9.342e+00  2.473e+01  -0.378 0.705582    
ORIGINDSM        -3.551e+00  6.865e+00  -0.517 0.604962    
ORIGINDTW        -5.420e+00  6.108e+00  -0.887 0.374864    
ORIGINDVL         1.463e+01  2.149e+01   0.681 0.496063    
ORIGINEAU         1.338e+01  1.418e+01   0.943 0.345585    
ORIGINECP        -1.725e+01  8.065e+00  -2.139 0.032470 *  
ORIGINEGE        -1.583e+01  1.237e+01  -1.280 0.200673    
ORIGINEKO        -1.427e+01  1.518e+01  -0.940 0.347352    
ORIGINELM         8.266e+00  2.485e+01   0.333 0.739388    
ORIGINELP        -3.426e+00  7.038e+00  -0.487 0.626409    
ORIGINERI        -2.133e+01  1.635e+01  -1.305 0.191850    
ORIGINESC        -2.366e+01  1.634e+01  -1.448 0.147679    
ORIGINEUG        -1.401e+01  8.474e+00  -1.654 0.098205 .  
ORIGINEVV        -2.712e+00  8.328e+00  -0.326 0.744672    
ORIGINEWN        -2.401e+00  1.229e+01  -0.195 0.845100    
ORIGINEWR        -3.141e+00  6.146e+00  -0.511 0.609359    
ORIGINEYW        -2.916e+00  8.524e+00  -0.342 0.732267    
ORIGINFAI        -2.803e+00  8.406e+00  -0.333 0.738816    
ORIGINFAR        -7.341e+00  8.275e+00  -0.887 0.375028    
ORIGINFAT        -1.113e+00  7.286e+00  -0.153 0.878588    
ORIGINFAY        -3.229e+00  9.086e+00  -0.355 0.722344    
ORIGINFCA        -2.303e+01  9.865e+00  -2.335 0.019551 *  
ORIGINFLG        -1.094e+01  1.345e+01  -0.814 0.415798    
ORIGINFLL        -3.470e+00  6.202e+00  -0.560 0.575794    
ORIGINFNT        -1.006e+01  9.494e+00  -1.060 0.289146    
ORIGINFSD        -7.608e+00  7.756e+00  -0.981 0.326629    
ORIGINFSM         4.027e+00  1.339e+01   0.301 0.763659    
ORIGINFWA        -6.127e+00  8.213e+00  -0.746 0.455633    
ORIGINGCC        -1.685e+01  1.421e+01  -1.186 0.235623    
ORIGINGCK        -1.915e+01  2.049e+01  -0.934 0.350163    
ORIGINGEG        -8.911e+00  7.024e+00  -1.269 0.204619    
ORIGINGFK        -2.195e+00  9.487e+00  -0.231 0.817019    
ORIGINGGG         2.791e+00  1.636e+01   0.171 0.864496    
ORIGINGJT        -3.453e+00  8.836e+00  -0.391 0.695987    
ORIGINGNV        -2.567e+01  8.763e+00  -2.929 0.003404 ** 
ORIGINGPT        -2.595e+00  9.665e+00  -0.268 0.788320    
ORIGINGRB        -1.594e+01  8.042e+00  -1.982 0.047512 *  
ORIGINGRI        -1.841e+01  1.231e+01  -1.495 0.134919    
ORIGINGRK        -9.960e+00  1.069e+01  -0.932 0.351261    
ORIGINGRR        -7.509e+00  6.761e+00  -1.111 0.266731    
ORIGINGSO        -3.134e+00  7.091e+00  -0.442 0.658496    
ORIGINGSP         9.509e-01  6.957e+00   0.137 0.891282    
ORIGINGST        -1.486e+01  3.519e+01  -0.422 0.672717    
ORIGINGTF        -2.555e+01  1.190e+01  -2.148 0.031721 *  
ORIGINGTR         6.502e+00  1.799e+01   0.362 0.717707    
ORIGINGUC        -1.151e+01  3.441e+01  -0.334 0.738050    
ORIGINHDN         1.930e+00  1.802e+01   0.107 0.914673    
ORIGINHGR         1.151e+01  2.506e+01   0.459 0.646110    
ORIGINHHH         9.678e+00  1.805e+01   0.536 0.591756    
ORIGINHIB        -8.172e+00  1.637e+01  -0.499 0.617545    
ORIGINHLN        -1.861e+01  1.090e+01  -1.708 0.087672 .  
ORIGINHNL        -3.146e+00  6.700e+00  -0.470 0.638685    
ORIGINHOB        -1.255e+01  1.637e+01  -0.767 0.443185    
ORIGINHOU        -4.285e+00  6.299e+00  -0.680 0.496391    
ORIGINHPN        -5.285e+00  7.160e+00  -0.738 0.460483    
ORIGINHRL        -7.936e-01  9.083e+00  -0.087 0.930381    
ORIGINHSV        -3.387e+00  7.370e+00  -0.460 0.645862    
ORIGINHTS         4.932e+00  1.283e+01   0.384 0.700787    
ORIGINHVN        -1.252e+01  1.633e+01  -0.767 0.443208    
ORIGINHYS        -2.642e+00  1.549e+01  -0.171 0.864596    
ORIGINIAD        -2.073e+00  6.240e+00  -0.332 0.739793    
ORIGINIAG        -1.306e+01  1.425e+01  -0.916 0.359595    
ORIGINIAH        -4.109e+00  6.126e+00  -0.671 0.502452    
ORIGINICT        -6.258e+00  7.579e+00  -0.826 0.408989    
ORIGINIDA         7.922e+00  1.093e+01   0.725 0.468724    
ORIGINILM         5.466e+00  8.372e+00   0.653 0.513856    
ORIGINIMT        -3.254e+01  2.049e+01  -1.588 0.112284    
ORIGININD        -6.985e+00  6.268e+00  -1.115 0.265067    
ORIGININL        -9.150e+00  3.453e+01  -0.265 0.791018    
ORIGINISN        -1.671e+01  1.284e+01  -1.301 0.193137    
ORIGINISP        -1.820e+01  9.882e+00  -1.841 0.065581 .  
ORIGINITH        -2.095e+00  1.341e+01  -0.156 0.875908    
ORIGINITO        -1.597e+00  8.173e+00  -0.195 0.845126    
ORIGINJAC        -2.213e+01  9.566e+00  -2.314 0.020683 *  
ORIGINJAN        -6.601e+00  7.704e+00  -0.857 0.391496    
ORIGINJAX        -7.638e+00  6.423e+00  -1.189 0.234420    
ORIGINJFK        -4.750e+00  6.175e+00  -0.769 0.441739    
ORIGINJLN        -6.548e+00  1.632e+01  -0.401 0.688292    
ORIGINJMS         9.649e+00  2.051e+01   0.470 0.638011    
ORIGINJNU        -2.289e+01  9.022e+00  -2.537 0.011181 *  
ORIGINKOA         7.624e-01  7.122e+00   0.107 0.914754    
ORIGINKTN        -1.392e+01  1.055e+01  -1.319 0.187098    
ORIGINLAN        -7.093e+00  1.063e+01  -0.667 0.504616    
ORIGINLAR        -1.682e+01  1.637e+01  -1.028 0.304134    
ORIGINLAS        -5.568e+00  6.124e+00  -0.909 0.363219    
ORIGINLAW        -8.080e+00  1.423e+01  -0.568 0.570167    
ORIGINLAX        -5.684e+00  6.103e+00  -0.931 0.351674    
ORIGINLBB        -5.726e+00  7.885e+00  -0.726 0.467721    
ORIGINLBE         5.678e-01  2.084e+01   0.027 0.978262    
ORIGINLBF        -7.661e+01  2.474e+01  -3.097 0.001956 ** 
ORIGINLBL         2.354e+01  2.366e+01   0.995 0.319912    
ORIGINLCH        -1.103e+01  1.043e+01  -1.057 0.290365    
ORIGINLCK        -2.616e+00  1.826e+01  -0.143 0.886105    
ORIGINLEX        -3.822e+00  7.292e+00  -0.524 0.600134    
ORIGINLFT         7.019e+00  9.010e+00   0.779 0.435973    
ORIGINLGA        -4.000e+00  6.111e+00  -0.654 0.512840    
ORIGINLGB        -9.389e+00  7.073e+00  -1.327 0.184372    
ORIGINLIH        -2.817e+00  6.979e+00  -0.404 0.686506    
ORIGINLIT        -8.536e+00  7.117e+00  -1.199 0.230358    
ORIGINLNK        -2.145e+01  1.507e+01  -1.423 0.154702    
ORIGINLRD        -1.542e+01  1.074e+01  -1.436 0.150967    
ORIGINLSE        -3.798e+01  1.088e+01  -3.492 0.000480 ***
ORIGINLWB         4.826e+01  2.576e+01   1.873 0.061018 .  
ORIGINLWS        -9.863e+00  1.290e+01  -0.765 0.444487    
ORIGINLYH        -2.168e+01  1.415e+01  -1.532 0.125558    
ORIGINMAF        -3.428e+00  7.309e+00  -0.469 0.639075    
 [ reached getOption("max.print") -- omitted 573 rows ]
---
Signif. codes:  0 ‘***’ 0.001 ‘**’ 0.01 ‘*’ 0.05 ‘.’ 0.1 ‘ ’ 1

Residual standard error: 33.85 on 49234 degrees of freedom
Multiple R-squared:  0.3787,	Adjusted R-squared:  0.369 
F-statistic: 39.23 on 765 and 49234 DF,  p-value: < 2.2e-16

